Boid: 0
Boid Cell: 0
0.242887 0.020023 0.400944 0.663227 0.949327 0.970634 0.352458 0.55397 0.513401 0.53976 0.738534 0.972775 0.931835 0.296032 0.717297 0.667724 0.769914 0.197551 0.218257 0.394383 

0.0163006 0.0641713 0.156679 0.192214 0.0697553 0.23828 0.283315 0.277775 0.364784 0.266666 0.284293 0.493583 0.437638 0.61264 0.635712 0.512535 0.526745 0.911647 0.998924 0.840188 

0 0 1 2 3 3 5 6 6 6 6 7 7 9 10 10 11 12 12 13 

2 1 1 2 0 1 4 2 0 1 2 1 2 1 0 0 

0 1 4 5 4294967295 4294967295 4294967295 4294967295 4294967295 4294967295 4294967295 4294967295 4294967295 4294967295 4294967295 4294967295 

0 1 2 6 4294967295 4294967295 4294967295 4294967295 4294967295 4294967295 4294967295 4294967295 4294967295 4294967295 4294967295 4294967295 4294967295 4294967295 4294967295 4294967295 

Boid: 1
Boid Cell: 0
0.242887 0.020023 0.400944 0.663227 0.949327 0.970634 0.352458 0.55397 0.513401 0.53976 0.738534 0.972775 0.931835 0.296032 0.717297 0.667724 0.769914 0.197551 0.218257 0.394383 

0.0163006 0.0641713 0.156679 0.192214 0.0697553 0.23828 0.283315 0.277775 0.364784 0.266666 0.284293 0.493583 0.437638 0.61264 0.635712 0.512535 0.526745 0.911647 0.998924 0.840188 

0 0 1 2 3 3 5 6 6 6 6 7 7 9 10 10 11 12 12 13 

2 1 1 2 0 1 4 2 0 1 2 1 2 1 0 0 

0 1 4 5 4294967295 4294967295 4294967295 4294967295 4294967295 4294967295 4294967295 4294967295 4294967295 4294967295 4294967295 4294967295 

0 1 2 6 4294967295 4294967295 4294967295 4294967295 4294967295 4294967295 4294967295 4294967295 4294967295 4294967295 4294967295 4294967295 4294967295 4294967295 4294967295 4294967295 

GPU Time 1.35126s
vertex shader compiled
fragment shader compiled
342
0
342
